59
01
89
19
99
89
89
01
81
81
81
899
01
19
09
09
09
09
(ἥ1
99
99
99
99
99
199
199
109
69
89
89
89
999
199
199
89
999”89
19
89
89
999
89
s³9
999
89
39
39
999
19
911

Q·
,ως
90
69
99
(sq
999

89
find

1111111111111

90911
10911
90911
90911
01911
18911
93911
08911
63911
&3911

11111111

p..
ΕΝ
ιΩ
v—t
-a

1ἶὶ-Ι1111111111111111111111111

0011
1601
9601
9601
1601
8601
3901
9101
0101
6901
1101
6101
8101
1101
1601
9601
9801
1601
6901
3901
1901
0901
6301
9301
0101
6001
1001
866
366
196
886
196
616
816
116
696
996
196
996
196
616
816
116
616
616
116
166
116
998
198
099
618
916
918
918
639
139
908
109
fl

198
199
898
898
198
098
688
388
1ὅ8
9ῑ8
108
808
663
963
163
863
363
163
063
693
993
193
993
993
693
093
093
§9313
313
{93
983
193
633
933
133
613
913
113
913
§03
661
861
161
861
361
161
191
191
911
{11
001
66
06
96
96
*1906*
11
89
19

ΙΙ Ί

1

 

661 88111

1111111

993 -

996 11111
39 01111
36 69111

999
391 ⁴⁴
83 -
96 99911
19 Η6011 1
999'19 ,-
09 061511
61 -
61 -
19 -
699 —-
999 61811
999 ᾼ
999 *Α
91 11811
999 ’-
91
11
91
91
11 ῑ9611
91 69811
11 ⁴⁴

111

ι11 ⁴11⁷ ἡ

91 ’-
999”81 υ88811
11 91811

91 -
81 98811

81

ὅθ

81

11

01

O?

19
993
999 '893
01:
999

68
998
999 89ὄ11
999“01 99311
‘find «1

1111111

ΙΙΙ1

’mssN0hmssffl xffissNl

909
009
861
161
061
691
991
981
1391
1⁷91
191
{391
091
611

681
981
181
311
[11
011

1⁴39

,169

069
199
999
619
999
199
699
999
999
199
999
399
199
919
089
6ὂ9
139
039
919
819
109
609
309
109
009
969
169
969
169
369
019
699
199
119
939
619
ss

.-

(η
lI Ἶ
991
991
061
111
011
601
969
069
699
989
999
319
199
699
399
999
199
699
399
199
099
919
639
139
939
619
119
319
809
300
109
009
669
169
969
169
869
169
999
199
399
019
939
119
1'1

¹ 063
”69 ’16
999
scr- ’11
91
91
995
68
993
18
18
lu
69
99
999
10
ua
98
18
18
999
18
98
199
191}
98
98
98
[8
68
1199'999
†9
1ss
999
18
199
88
999
39
18
999
199
199
199
199
199
196
999
08
63
63
93
93

13

93

k 199 ‘999

' 123
εἰ,

*find

ΕΞ
11ι1111Ξ1111111

1 1

93311
90311

91311

90311

Ξ 1 1 1 1 l 1 1 1

1111ιξιιιπῑ

99111
98111

99111

999 11U99111

89111
19111
ss

600
161
661
181
991
ί

131
931
611
111
911
911
011
666
66ss
969
ΖΒΕ
166
116
119
318
199
099
690
999
999
196
696
116
116
116
118
906
909
Ζο8
663
063
613
193
193
193
193
993
893
393
116
616
313
903
103
(um
891
611
911
191
991
d

909
061
981
991
991

t

931
131
911
911
111
811
901
169
968
168
066
09ss
919

019
398
⁸99
199
193
998
398
199
916
ὂ19
666
816
906
109
109
963
693
913
913
993
993
193
093
993
993
193
953
313
193
313
903
103
(nm
991
611
911
ΕΠ
991

ΙῚ

310

